Random forest:
R2: 0.8727096345704016
MSE: 0.1286729025711347

Boosting:
R2: 0.9106547033205095
MSE: 0.09031570155392145

SVM:
R2: 0.1128462662776184
MSE: 0.896789364690871