The scores for the models are:
RF:
MSE: 0.7453094745877732
r2: 0.27552896923877424

                    
Boost:
MSE: 0.7608619871789518
r2: 0.26027669692649835

SVM:
MSE: 0.8943939781436541
r2: 0.13076657098906538