Random forest:
R2: 0.35181607585994434
MSE: 0.6658410669095363

Boosting:
R2: 0.2733543253511086
MSE: 0.7464401896657876

SVM:
R2: 0.12302383987132137
MSE: 0.900865819665309